2 0.2646484375 0.2880859375 0.31640625 0.189453125
2 0.27734375 0.5205078125 0.33203125 0.2607421875
2 0.27734375 0.73046875 0.3310546875 0.1416015625
2 0.634765625 0.4384765625 0.3779296875 0.4794921875
2 0.6357421875 0.7431640625 0.373046875 0.1279296875
2 0.4501953125 0.8701171875 0.2919921875 0.087890625
3 0.3564453125 0.10546875 0.490234375 0.140625
1 0.537109375 0.154296875 0.0908203125 0.0537109375
0 0.5107421875 0.4853515625 0.1025390625 0.064453125
1 0.505859375 0.59765625 0.0947265625 0.068359375
0 0.23046875 0.544921875 0.0751953125 0.048828125
3 0.1494140625 0.533203125 0.0869140625 0.0546875
3 0.333984375 0.8642578125 0.0947265625 0.056640625
0 0.5244140625 0.8359375 0.1201171875 0.0546875
2 0.1982421875 0.8876953125 0.193359375 0.1337890625
1 0.7548828125 0.8408203125 0.1142578125 0.0458984375
0 0.4072265625 0.7275390625 0.099609375 0.0498046875
0 0.384765625 0.3505859375 0.10546875 0.0556640625
1 0.2138671875 0.3544921875 0.1083984375 0.056640625
1 0.517578125 0.01953125 0.1787109375 0.0390625