0 0.2099609375 0.3662109375 0.0322265625 0.0546875
2 0.20703125 0.552734375 0.1015625 0.294921875
0 0.240234375 0.49609375 0.037109375 0.0546875
1 0.59765625 0.1591796875 0.0546875 0.1015625
1 0.3359375 0.751953125 0.1416015625 0.083984375
1 0.8134765625 0.640625 0.0439453125 0.0888671875
2 0.703125 0.3251953125 0.150390625 0.20703125
2 0.36328125 0.32421875 0.1064453125 0.205078125
2 0.3388671875 0.5673828125 0.1455078125 0.2587890625
2 0.51953125 0.5966796875 0.2041015625 0.21484375
2 0.5244140625 0.34765625 0.19140625 0.263671875
0 0.6474609375 0.3837890625 0.0390625 0.05078125
0 0.7314453125 0.58984375 0.0498046875 0.0654296875
3 0.654296875 0.5009765625 0.0576171875 0.1259765625
0 0.3271484375 0.4013671875 0.03125 0.060546875
1 0.2822265625 0.3994140625 0.0341796875 0.0712890625
2 0.2255859375 0.3017578125 0.1484375 0.1806640625
1 0.6455078125 0.642578125 0.0390625 0.0546875
2 0.701171875 0.5673828125 0.1533203125 0.28125
1 0.7919921875 0.513671875 0.02734375 0.033203125