3 0.35546875 0.2724609375 0.0546875 0.1044921875
0 0.34375 0.439453125 0.029296875 0.0263671875
0 0.3134765625 0.35546875 0.0205078125 0.0263671875
2 0.439453125 0.37890625 0.0380859375 0.04296875
3 0.5205078125 0.3583984375 0.0302734375 0.0595703125
0 0.4853515625 0.3037109375 0.0107421875 0.03515625
2 0.466796875 0.26953125 0.048828125 0.0908203125
2 0.412109375 0.26953125 0.048828125 0.0888671875
0 0.3935546875 0.3056640625 0.0087890625 0.0322265625
1 0.396484375 0.37890625 0.01953125 0.0322265625
2 0.1669921875 0.1748046875 0.134765625 0.076171875
2 0.1591796875 0.255859375 0.1181640625 0.064453125
2 0.1591796875 0.3525390625 0.1181640625 0.08984375
2 0.162109375 0.4541015625 0.1123046875 0.08984375
2 0.1630859375 0.552734375 0.11328125 0.0869140625
2 0.3056640625 0.166015625 0.09765625 0.0634765625
2 0.2900390625 0.23828125 0.0576171875 0.056640625
2 0.2919921875 0.3193359375 0.060546875 0.0869140625
2 0.287109375 0.408203125 0.0537109375 0.056640625
3 0.5234375 0.271484375 0.052734375 0.103515625
2 0.287109375 0.626953125 0.048828125 0.080078125
2 0.3427734375 0.61328125 0.052734375 0.1064453125
2 0.345703125 0.5146484375 0.076171875 0.05859375
0 0.2421875 0.4931640625 0.0107421875 0.05859375
2 0.2744140625 0.5087890625 0.048828125 0.0693359375
2 0.1630859375 0.6298828125 0.1123046875 0.0556640625
2 0.44140625 0.4814453125 0.0625 0.0859375
2 0.5185546875 0.6181640625 0.064453125 0.0966796875
1 0.5185546875 0.517578125 0.064453125 0.0810546875
2 0.587890625 0.525390625 0.060546875 0.0908203125
2 0.587890625 0.619140625 0.060546875 0.0966796875
2 0.708984375 0.6220703125 0.1005859375 0.0888671875
2 0.708984375 0.5361328125 0.1005859375 0.076171875
2 0.708984375 0.451171875 0.0986328125 0.0888671875
2 0.708984375 0.349609375 0.1015625 0.080078125
2 0.708984375 0.2607421875 0.1025390625 0.0888671875
2 0.705078125 0.17578125 0.1103515625 0.072265625
2 0.533203125 0.1767578125 0.09375 0.08203125
1 0.56640625 0.2333984375 0.02734375 0.03125
1 0.44140625 0.171875 0.080078125 0.083984375
1 0.4404296875 0.6103515625 0.080078125 0.1181640625
2 0.599609375 0.2802734375 0.0888671875 0.0556640625
0 0.63671875 0.1484375 0.0126953125 0.0234375
0 0.6376953125 0.203125 0.0126953125 0.021484375
2 0.611328125 0.1748046875 0.0615234375 0.08203125
2 0.5068359375 0.43359375 0.076171875 0.0673828125
2 0.59765625 0.4306640625 0.095703125 0.068359375
2 0.5966796875 0.3515625 0.0966796875 0.0712890625